%======================================== Orbit Name: LEO ========================================
Falcon9_LEO_EXP_FirstStageIsp=[18798.347, 19662.062, 20540.639, 21439.065, 22358.155, 23297.030, 24258.750, 25241.651, 26248.189, 27278.628, 28327.543, 29397.265, 30489.063]
Falcon9_LEO_ASDS_FirstStageIsp=[16689.389, 17372.053, 18088.728, 18766.769, 19596.543, 20329.683, 21136.592, 21961.445, 22821.034, 23711.914, 24629.971, 25567.921, 26526.190]
Falcon9_LEO_RTLS_FirstStageIsp=[13562.146, 14130.220, 14730.268, 15317.480, 15909.442, 16537.186, 17193.287, 17838.651, 18543.165, 19249.991, 19943.147, 20646.835, 21412.659]
%======================================== Orbit Name: LEO ========================================
Falcon9_LEO_EXP_SecondStageIsp=[17810.359, 18898.267, 19980.920, 21057.286, 22129.422, 23196.729, 24258.750, 25315.243, 26365.716, 27409.893, 28446.840, 29476.133, 30497.963]
Falcon9_LEO_ASDS_SecondStageIsp=[14918.338, 15959.559, 17000.071, 18038.819, 19074.957, 20107.514, 21136.592, 22051.006, 23185.369, 24066.514, 25218.591, 26228.750, 27166.767]
Falcon9_LEO_RTLS_SecondStageIsp=[11341.156, 12273.568, 13264.144, 14242.298, 15242.331, 16164.055, 17193.287, 18173.213, 19119.249, 20131.299, 21109.266, 22106.618, 23092.266]
%======================================== Orbit Name: LEO ========================================
Starship_LEO_EXP_FirstStageIsp=[208560.879, 217050.668, 225179.527, 234193.650, 242895.577, 251643.242, 260550.507, 269580.615, 278771.442, 288136.964, 288136.964, 307297.481, 317086.937]
Starship_LEO_ASDS_FirstStageIsp=[179697.728, 187441.037, 194908.020, 202481.471, 210840.167, 218999.890, 225645.063, 235379.572, 243718.239, 252101.061, 260601.656, 269274.086, 279028.183]
Starship_LEO_RTLS_FirstStageIsp=[161646.620, 168190.949, 174796.858, 181375.500, 187869.369, 194530.927, 201212.211, 208004.310, 192879.432, 221785.076, 188341.695, 236585.460, 244641.147]
%======================================== Orbit Name: LEO ========================================
Starship_LEO_EXP_SecondStageIsp=[175165.255, 190121.233, 204674.749, 219040.782, 233102.126, 246933.905, 260550.507, 274060.678, 287446.373, 300702.600, 313828.916, 326817.799, 339663.247]
Starship_LEO_ASDS_SecondStageIsp=[143577.536, 143577.536, 172128.711, 186182.982, 203374.752, 213710.376, 225645.063, 240326.068, 251611.895, 266087.003, 278782.366, 290135.678, 303808.436]
Starship_LEO_RTLS_SecondStageIsp=[117711.521, 131680.583, 148423.493, 159828.620, 173675.989, 187623.915, 201212.211, 214625.242, 227735.196, 240691.322, 253392.395, 266005.585, 278479.581]
%======================================== Orbit Name: LEO ========================================
Falcon9_LEO_EXP_FirstStageThrust=[18814.438, 20225.768, 21595.958, 22936.865, 24258.750, 25571.199, 26880.221, 28192.014, 29507.955, 30835.236, 32174.092]
Falcon9_LEO_ASDS_FirstStageThrust=[16882.505, 17976.269, 18973.436, 20158.490, 21136.592, 22121.602, 23105.928, 24091.229, 25075.979, 26061.474, 27049.286]
Falcon9_LEO_RTLS_FirstStageThrust=[14440.183, 15271.793, 15840.325, 16565.039, 17193.287, 17807.934, 15432.919, 18942.250, 19483.893, 20010.843, 20526.164]
%======================================== Orbit Name: LEO ========================================
Falcon9_LEO_EXP_SecondStageThrust=[23626.933, 23759.118, 23879.108, 23988.011, 24087.143, 24176.954, 24258.750, 24333.208, 24400.565, 24461.774, 24517.332, 24567.624, 24612.850]
Falcon9_LEO_ASDS_SecondStageThrust=[20509.100, 20638.461, 20756.855, 20864.696, 20963.534, 21054.021, 21136.592, 21212.427, 21281.711, 21344.548, 21400.821, 21451.943, 21494.930]
Falcon9_LEO_RTLS_SecondStageThrust=[16670.653, 16779.920, 16860.012, 16949.518, 17051.943, 17124.356, 17193.287, 17248.417, 17319.501, 17366.946, 17390.057, 17329.815, 17459.688]
%======================================== Orbit Name: LEO ========================================
Starship_LEO_EXP_FirstStageThrust=[198916.470, 215537.609, 231218.864, 246173.228, 260550.507, 274642.204, 288497.279, 302171.652, 315693.712, 329084.170, 342418.886]
Starship_LEO_ASDS_FirstStageThrust=[175434.204, 189047.455, 201952.389, 215131.067, 225645.063, 238723.740, 249845.695, 260720.583, 271412.442, 281873.252, 292165.806]
Starship_LEO_RTLS_FirstStageThrust=[113967.443, 172227.961, 182427.518, 192155.674, 201212.211, 209628.437, 217650.384, 225931.331, 235330.950, 241480.535, 248779.889]
%======================================== Orbit Name: LEO ========================================
Starship_LEO_EXP_SecondStageThrust=[242111.738, 245855.678, 249296.859, 252463.652, 255380.878, 258070.789, 260550.507, 262836.806, 264946.648, 266894.792, 268240.822, 270138.811, 271565.669]
Starship_LEO_ASDS_SecondStageThrust=[208534.633, 212372.898, 215897.133, 219137.422, 225315.536, 223211.592, 225645.063, 229326.646, 235110.084, 233024.747, 234638.114, 236016.736, 235972.201]
Starship_LEO_RTLS_SecondStageThrust=[184095.441, 188291.485, 191078.023, 194250.238, 196787.440, 199182.306, 201212.211, 203141.308, 204846.629, 206412.121, 207737.622, 208929.995, 209971.312]
%======================================== Orbit Name: LEO ========================================
Falcon9_LEO_EXP_LaunchAltDelta=[24258.750, 24753.286, 25219.441, 25659.614, 26061.153, 26400.054]
Falcon9_LEO_ASDS_LaunchAltDelta=[21136.592, 21538.360, 21920.393, 22281.556, 22611.103, 22878.355]
Falcon9_LEO_RTLS_LaunchAltDelta=[17193.287, 17402.887, 17644.424, 17816.207, 17976.413, 18090.633]
%======================================== Orbit Name: LEO ========================================
Starship_LEO_EXP_LaunchAltDelta=[260550.507, 266106.159, 271355.936, 276315.839, 280934.993, 285007.254]
Starship_LEO_ASDS_LaunchAltDelta=[225645.063, 235285.738, 236638.471, 243659.986, 244943.370, 248377.569]
Starship_LEO_RTLS_LaunchAltDelta=[201212.211, 205165.925, 207091.820, 209813.118, 212225.720, 213715.504]
%======================================== Orbit Name: LEO ========================================
Falcon9_LEO_EXP_FirstStageCx0=[24869.661, 24611.184, 24258.750, 23822.538, 23310.934, 22733.278, 22100.089]
Falcon9_LEO_ASDS_FirstStageCx0=[21610.269, 21408.823, 21136.592, 20800.938, 20413.138, 19969.544, 19400.982]
Falcon9_LEO_RTLS_FirstStageCx0=[17402.749, 17345.946, 17193.287, 17014.823, 16785.642, 16561.980, 16307.139]
%======================================== Orbit Name: LEO ========================================
Starship_LEO_EXP_FirstStageCx0=[263420.100, 262219.875, 260550.507, 258423.453, 255854.213, 252903.159, 249535.210]
Starship_LEO_ASDS_FirstStageCx0=[229568.794, 226993.500, 225645.063, 225318.305, 223136.112, 224384.133, 217716.690]
Starship_LEO_RTLS_FirstStageCx0=[202526.639, 201878.105, 201212.211, 200074.030, 198740.670, 197046.124, 195122.916]
%======================================== Orbit Name: LEO ========================================
Falcon9_LEO_EXP_BoosterStageCx0=[24258.750, 24258.750, 24258.750, 24258.750, 24258.750, 24258.750, 24258.750]
Falcon9_LEO_ASDS_BoosterStageCx0=[19750.383, 20698.129, 21136.592, 21354.948, 21570.866, 21700.118, 21835.627]
Falcon9_LEO_RTLS_BoosterStageCx0=[15420.403, 16239.353, 17193.287, 17869.564, 18036.452, 18134.719, 18204.458]
%======================================== Orbit Name: LEO ========================================
Starship_LEO_EXP_BoosterStageCx0=[260550.507, 260550.507, 260550.507, 260550.507, 260550.507, 260550.507, 260550.507]
Starship_LEO_ASDS_BoosterStageCx0=[215269.872, 220310.440, 225645.063, 233951.190, 239757.091, 244348.076, 247687.142]
Starship_LEO_RTLS_BoosterStageCx0=[189395.754, 195663.576, 201212.211, 203868.919, 211033.501, 213597.998, 217408.369]
%======================================== Orbit Name: MEO ========================================
Falcon9_MEO_EXP_FirstStageCx0=[9430.849, 9308.242, 9142.798, 8939.272, 8702.019, 8435.094, 8142.344]
Falcon9_MEO_ASDS_FirstStageCx0=[7765.500, 7669.977, 7540.683, 7380.789, 7195.239, 6986.200, 6760.777]
Falcon9_MEO_RTLS_FirstStageCx0=[5629.343, 5600.909, 5545.728, 5464.150, 5395.264, 5267.899, 5242.559]
%======================================== Orbit Name: TLI ========================================
Falcon9_TLI_EXP_FirstStageCx0=[7013.478, 6913.065, 6776.344, 6609.634, 6415.419, 6197.619, 5959.490]
Falcon9_TLI_ASDS_FirstStageCx0=[5630.601, 5553.156, 5447.867, 5318.499, 5167.239, 4998.048, 4815.148]
Falcon9_TLI_RTLS_FirstStageCx0=[3859.113, 3827.216, 3798.262, 3710.729, 3651.231, 3562.339, 3488.573]
%======================================== Orbit Name: MEO ========================================
Starship_MEO_EXP_FirstStageCx0=[87165.985, 86533.756, 85652.152, 84523.358, 83183.647, 81639.541, 79883.745]
Starship_MEO_ASDS_FirstStageCx0=[68386.462, 69174.062, 65918.339, 66230.287, 65068.335, 62756.104, 62334.419]
Starship_MEO_RTLS_FirstStageCx0=[52145.602, 42454.708, 51430.578, 51522.723, 50903.476, 49990.662, 48606.706]
%======================================== Orbit Name: TLI ========================================
Starship_TLI_EXP_FirstStageCx0=[58638.249, 58118.421, 57402.658, 56492.487, 55396.922, 54138.144, 52722.322]
Starship_TLI_ASDS_FirstStageCx0=[43325.474, 41615.023, 43389.644, 42655.950, 40635.354, 39581.691, 37573.587]
Starship_TLI_RTLS_FirstStageCx0=[20308.894, 27634.552, 29166.546, 28837.068, 28725.571, 27612.345, 17844.276]
%======================================== Orbit Name: MEO ========================================
Falcon9_MEO_EXP_BoosterStageCx0=[9142.798, 9142.798, 9142.798, 9142.798, 9142.798, 9142.798, 9142.798]
Falcon9_MEO_ASDS_BoosterStageCx0=[9142.798, 7342.485, 7540.683, 7654.132, 7744.752, 7821.178, 7887.592]
Falcon9_MEO_RTLS_BoosterStageCx0=[4766.272, 5147.802, 5545.728, 5861.023, 5949.001, 5998.062, 6040.098]
%======================================== Orbit Name: TLI ========================================
Falcon9_TLI_EXP_BoosterStageCx0=[6776.344, 6776.344, 6776.344, 6776.344, 6776.344, 6776.344, 6776.344]
Falcon9_TLI_ASDS_BoosterStageCx0=[4950.395, 5292.539, 5447.867, 5540.673, 5614.989, 5677.756, 5732.369]
Falcon9_TLI_RTLS_BoosterStageCx0=[2869.216, 3460.220, 3798.262, 4067.740, 4130.719, 4157.941, 4183.516]
%======================================== Orbit Name: MEO ========================================
Starship_MEO_EXP_BoosterStageCx0=[85652.152, 85652.152, 85652.152, 85652.152, 85652.152, 85652.152, 85652.152]
Starship_MEO_ASDS_BoosterStageCx0=[60864.419, 63567.906, 65918.339, 68642.385, 73675.293, 75775.514, 76865.141]
Starship_MEO_RTLS_BoosterStageCx0=[45757.166, 41933.027, 51430.578, 54253.993, 56648.968, 58585.026, 60504.241]
%======================================== Orbit Name: TLI ========================================
Starship_TLI_EXP_BoosterStageCx0=[57402.658, 57402.658, 57402.658, 57402.658, 57402.658, 57402.658, 57402.658]
Starship_TLI_ASDS_BoosterStageCx0=[37918.583, 39343.814, 43389.644, 44964.936, 45220.812, 49592.037, 50366.953]
Starship_TLI_RTLS_BoosterStageCx0=[24526.311, 27028.137, 29166.546, 30475.459, 33268.813, 34963.392, 36659.606]
%======================================== Orbit Name: MEO ========================================
Falcon9_MEO_EXP_FirstStageIsp=[6598.093, 6998.104, 7407.646, 7826.264, 8254.697, 8694.045, 9142.798, 9603.462, 10075.874, 10559.185, 11054.675, 11562.171, 12085.387]
Falcon9_MEO_ASDS_FirstStageIsp=[5494.155, 5785.164, 6091.081, 6454.039, 6803.847, 7164.032, 7540.683, 7932.160, 8335.773, 8750.859, 9176.348, 9614.795, 10066.929]
Falcon9_MEO_RTLS_FirstStageIsp=[3971.920, 4214.697, 4467.885, 4740.580, 4979.626, 5269.762, 5545.728, 5841.886, 6117.258, 6432.095, 6535.050, 7052.597, 7368.914]
%======================================== Orbit Name: TLI ========================================
Falcon9_TLI_EXP_FirstStageIsp=[4703.055, 5028.978, 5362.283, 5702.469, 6051.485, 6409.238, 6776.344, 7153.786, 7540.376, 7937.467, 8343.937, 8760.245, 9188.197]
Falcon9_TLI_ASDS_FirstStageIsp=[3797.268, 4033.872, 4292.148, 4576.815, 4850.988, 5142.696, 5447.867, 5764.729, 6092.100, 6430.224, 6776.814, 7133.553, 7501.835]
Falcon9_TLI_RTLS_FirstStageIsp=[2529.855, 2746.225, 2974.572, 3101.337, 3335.755, 3565.928, 3798.262, 4031.591, 4262.553, 4502.059, 4760.886, 5002.890, 5250.000]
%======================================== Orbit Name: MEO ========================================
Falcon9_MEO_EXP_SecondStageIsp=[5019.773, 5684.964, 6360.384, 7044.875, 7737.357, 8436.949, 9142.798, 9854.211, 10571.153, 11293.102, 12019.567, 12749.896, 13483.687]
Falcon9_MEO_ASDS_SecondStageIsp=[3717.509, 4327.744, 4950.182, 5583.724, 6227.295, 6879.919, 7540.683, 8208.756, 8883.369, 9563.814, 10248.971, 10939.271, 11634.349]
Falcon9_MEO_RTLS_SecondStageIsp=[2137.677, 2673.483, 3208.743, 3788.149, 4329.616, 4926.414, 5545.728, 6143.294, 6780.313, 7238.757, 8040.898, 8635.802, 9320.556]
%======================================== Orbit Name: TLI ========================================
Falcon9_TLI_EXP_SecondStageIsp=[3174.546, 3748.484, 4334.108, 4930.366, 5536.438, 6152.024, 6776.344, 7408.689, 8048.324, 8694.575, 9346.885, 10004.696, 10667.416]
Falcon9_TLI_ASDS_SecondStageIsp=[2133.413, 2656.269, 3192.246, 3740.329, 4299.572, 4869.076, 5447.867, 6035.195, 6630.958, 7234.657, 7845.647, 8463.353, 9087.234]
Falcon9_TLI_RTLS_SecondStageIsp=[867.664, 1322.151, 1772.391, 2274.505, 2742.089, 3272.940, 3798.262, 4295.544, 4861.558, 5370.852, 5926.664, 6521.487, 7072.020]
%======================================== Orbit Name: MEO ========================================
Starship_MEO_EXP_FirstStageIsp=[58626.181, 62968.606, 67396.246, 71848.836, 76400.680, 80901.017, 85652.152, 90357.375, 95132.659, 99984.644, 104871.905, 109871.837, 114967.118]
Starship_MEO_ASDS_FirstStageIsp=[45954.955, 46765.956, 47507.506, 54775.056, 56394.362, 61949.649, 65918.339, 71363.972, 75675.041, 80019.553, 84441.177, 88917.505, 93462.252]
Starship_MEO_RTLS_FirstStageIsp=[32527.039, 35657.412, 38771.125, 41876.142, 45054.476, 48259.358, 51430.578, 46533.470, 58206.014, 61872.388, 65121.527, 69121.118, 74152.995]
%======================================== Orbit Name: TLI ========================================
Starship_TLI_EXP_FirstStageIsp=[35522.241, 39045.021, 42632.961, 46244.680, 49924.476, 49924.476, 57402.658, 61242.838, 65170.649, 69182.755, 73275.409, 77453.040, 81710.045]
Starship_TLI_ASDS_FirstStageIsp=[22640.599, 25788.085, 29015.639, 32270.457, 35589.017, 40183.392, 43389.644, 45713.792, 49188.606, 53131.736, 56249.244, 59924.381, 63594.591]
Starship_TLI_RTLS_FirstStageIsp=[13866.803, 16412.189, 18903.715, 21457.304, 13767.221, 26519.310, 29166.546, 31855.468, 35587.832, 35681.683, 40368.287, 43405.693, 46380.712]
%======================================== Orbit Name: MEO ========================================
Starship_MEO_EXP_SecondStageIsp=[27892.494, 37302.194, 46827.763, 56435.658, 66123.520, 75875.562, 85652.152, 95420.509, 105210.589, 114967.245, 124777.188, 134631.096, 144520.660]
Starship_MEO_ASDS_SecondStageIsp=[12570.796, 22377.397, 30288.667, 39350.727, 49747.125, 57798.490, 65918.339, 76522.125, 85846.708, 95363.990, 106283.904, 112930.683, 123503.685]
Starship_MEO_RTLS_SecondStageIsp=[-410.652, 7716.481, 16152.246, 22164.218, 33548.285, 32198.407, 51430.578, 60524.608, 59509.940, 78875.525, 88109.646, 86223.025, 106599.428]
%======================================== Orbit Name: TLI ========================================
Starship_TLI_EXP_SecondStageIsp=[7306.455, 15372.688, 23575.508, 31893.428, 40318.251, 48834.134, 57402.658, 66086.265, 74873.563, 83753.553, 92711.856, 101741.221, 110833.861]
Starship_TLI_ASDS_SecondStageIsp=[-4926.727, 3388.876, 10241.575, 18091.277, 27027.709, 35158.988, 43389.644, 49468.919, 57770.307, 68414.822, 76914.097, 84158.302, 92760.504]
Starship_TLI_RTLS_SecondStageIsp=[-15554.112, -8454.293, -11163.171, 6071.524, 13629.563, 12602.744, 29166.546, 37698.134, 45105.563, 53879.329, 61352.361, 67332.317, 77888.916]
%======================================== Orbit Name: MEO ========================================
Falcon9_MEO_EXP_FirstStageThrust=[6716.543, 7344.859, 7955.170, 8552.931, 9142.798, 9729.280, 10316.422, 10905.589, 11498.272, 12096.624, 12703.215]
Falcon9_MEO_ASDS_FirstStageThrust=[5729.932, 6200.233, 6425.538, 7096.439, 7540.683, 7980.984, 8416.824, 8850.163, 9279.526, 9707.504, 10136.612]
Falcon9_MEO_RTLS_FirstStageThrust=[4429.998, 4747.614, 4988.701, 5269.576, 5545.728, 5785.097, 6024.188, 6245.857, 6460.831, 6644.882, 6872.045]
%======================================== Orbit Name: TLI ========================================
Falcon9_TLI_EXP_FirstStageThrust=[4816.177, 5323.479, 5815.853, 6298.521, 6776.344, 7252.985, 7728.878, 8207.767, 8689.983, 8689.983, 9596.144]
Falcon9_TLI_ASDS_FirstStageThrust=[3966.342, 4327.788, 4669.054, 5092.298, 5447.867, 5799.583, 6148.104, 6495.215, 6840.665, 7184.412, 7528.114]
Falcon9_TLI_RTLS_FirstStageThrust=[2959.425, 3149.119, 3376.412, 3578.050, 3798.262, 3988.030, 4154.754, 4337.915, 4514.602, 4677.483, 4837.692]
%======================================== Orbit Name: MEO ========================================
Falcon9_MEO_EXP_SecondStageThrust=[8983.720, 9018.643, 9049.428, 9076.844, 9101.379, 9123.198, 9142.798, 9159.788, 9174.501, 9186.989, 9197.745, 9206.364, 9213.445]
Falcon9_MEO_ASDS_SecondStageThrust=[7394.004, 7426.645, 7455.595, 7481.066, 7503.613, 7523.377, 7540.683, 7555.937, 7568.827, 7580.107, 7589.722, 7597.535, 7604.070]
Falcon9_MEO_RTLS_SecondStageThrust=[5406.240, 5416.488, 5472.959, 5495.565, 5514.780, 5531.397, 5545.728, 5557.760, 5547.018, 5577.110, 5552.933, 5597.921, 5602.899]
%======================================== Orbit Name: TLI ========================================
Falcon9_TLI_EXP_SecondStageThrust=[6666.176, 6690.985, 6712.876, 6732.124, 6748.933, 6763.604, 6776.344, 6787.323, 6796.652, 6804.483, 6810.951, 6816.161, 6819.839]
Falcon9_TLI_ASDS_SecondStageThrust=[5334.459, 5359.319, 5381.461, 5401.217, 5418.684, 5434.218, 5447.867, 5459.429, 5469.218, 5477.433, 5484.042, 5489.386, 5493.459]
Falcon9_TLI_RTLS_SecondStageThrust=[3688.210, 3712.159, 3724.126, 3756.866, 3772.673, 3780.301, 3798.262, 3808.413, 3810.904, 3818.214, 3824.231, 3829.037, 3815.780]
%======================================== Orbit Name: MEO ========================================
Starship_MEO_EXP_FirstStageThrust=[55821.133, 63789.653, 71359.974, 78624.585, 85652.152, 92427.773, 99066.782, 105515.217, 111931.114, 118317.778, 124707.425]
Starship_MEO_ASDS_FirstStageThrust=[124707.425, 51135.135, 55476.483, 61432.249, 65918.339, 73749.639, 78674.084, 83120.699, 88148.600, 93028.669, 97842.868]
Starship_MEO_RTLS_FirstStageThrust=[222768.981, 38219.570, 43160.135, 38172.061, 51430.578, 55322.425, 59083.037, 62681.863, 66194.824, 69517.417, 72884.768]
%======================================== Orbit Name: TLI ========================================
Starship_TLI_EXP_FirstStageThrust=[33544.150, 39950.854, 46017.301, 51820.396, 57402.658, 62858.505, 68222.421, 73533.212, 78807.468, 84060.565, 89321.195]
Starship_TLI_ASDS_FirstStageThrust=[22546.314, 27934.813, 34393.638, 36953.702, 43389.644, 46668.514, 50909.551, 54973.748, 54973.748, 62862.995, 66709.592]
Starship_TLI_RTLS_FirstStageThrust=[195080.450, 19006.746, 22556.973, 26038.372, 29166.546, 32497.137, 35281.543, 38121.360, 41711.598, 43530.331, 45844.952]
%======================================== Orbit Name: MEO ========================================
Starship_MEO_EXP_SecondStageThrust=[79450.679, 80786.340, 82002.561, 83105.858, 84042.471, 84897.384, 85652.152, 86290.830, 86873.857, 87338.480, 87755.480, 88085.509, 88363.909]
Starship_MEO_ASDS_SecondStageThrust=[61820.860, 63488.727, 63683.896, 64723.438, 66777.319, 66625.499, 65918.339, 67734.821, 68257.430, 68682.164, 68909.386, 68141.832, 69568.806]
Starship_MEO_RTLS_SecondStageThrust=[43746.474, 47614.719, 48745.221, 49606.110, 50674.688, 50972.666, 51430.578, 51927.175, 52432.893, 53145.476, 53041.330, 53263.861, 53410.871]
%======================================== Orbit Name: TLI ========================================
Starship_TLI_EXP_SecondStageThrust=[52599.735, 53607.575, 54520.831, 55349.229, 56100.895, 56783.116, 57402.658, 57965.440, 58476.620, 58894.519, 59269.019, 59578.367, 59836.875]
Starship_TLI_ASDS_SecondStageThrust=[37042.635, 38434.372, 39403.016, 40281.810, 41031.931, 41704.811, 43389.644, 42803.064, 43259.263, 42589.579, 43949.766, 45454.966, 44421.128]
Starship_TLI_RTLS_SecondStageThrust=[18060.155, 16780.386, 19547.661, 27537.924, 28212.230, 19810.667, 29166.546, 20494.657, 30048.215, 30347.367, 30437.769, 30790.989, 30760.874]
%======================================== Orbit Name: MEO ========================================
Falcon9_MEO_EXP_LaunchAltDelta=[9142.798, 9362.300, 9569.662, 9765.679, 9949.128, 10115.825]
Falcon9_MEO_ASDS_LaunchAltDelta=[7540.683, 7723.221, 7895.496, 8058.427, 8210.094, 8343.987]
Falcon9_MEO_RTLS_LaunchAltDelta=[5545.728, 5640.065, 5716.239, 5801.663, 5858.223, 5912.938]
%======================================== Orbit Name: TLI ========================================
Falcon9_TLI_EXP_LaunchAltDelta=[6776.344, 6955.131, 7123.934, 7283.426, 7432.854, 7568.979]
Falcon9_TLI_ASDS_LaunchAltDelta=[5447.867, 5594.482, 5732.999, 5863.217, 5985.877, 6095.015]
Falcon9_TLI_RTLS_LaunchAltDelta=[3798.262, 3867.297, 3943.196, 4003.586, 4035.104, 4077.830]
%======================================== Orbit Name: MEO ========================================
Starship_MEO_EXP_LaunchAltDelta=[85652.152, 88414.842, 91004.974, 93454.021, 95779.240, 97926.635]
Starship_MEO_ASDS_LaunchAltDelta=[65918.339, 70736.984, 71796.977, 73931.593, 75957.164, 78499.989]
Starship_MEO_RTLS_LaunchAltDelta=[51430.578, 52784.372, 54230.059, 56330.473, 56757.694, 57767.717]
%======================================== Orbit Name: TLI ========================================
Starship_TLI_EXP_LaunchAltDelta=[57402.658, 59635.840, 61748.090, 63746.534, 65644.783, 67407.054]
Starship_TLI_ASDS_LaunchAltDelta=[43389.644, 44235.476, 46037.670, 47750.113, 49372.848, 49336.307]
Starship_TLI_RTLS_LaunchAltDelta=[29166.546, 30305.376, 31491.452, 31519.081, 33436.954, 33989.709]
%======================================== Orbit Name: LEO ========================================
Falcon9_LEO_EXP_FirstStage_EmptyMass=[24929.201, 24758.852, 24590.344, 24423.652, 24258.750, 24095.692, 23934.342, 23774.731, 23616.812]
Falcon9_LEO_ASDS_FirstStage_EmptyMass=[22071.280, 21894.910, 21536.875, 21380.615, 21136.592, 20899.961, 20669.512, 20443.985, 20222.355]
Falcon9_LEO_RTLS_FirstStage_EmptyMass=[18757.516, 18382.631, 18005.132, 17581.418, 17193.287, 16838.623, 16493.686, 16144.107, 15819.443]
%======================================== Orbit Name: MEO ========================================
Falcon9_MEO_EXP_FirstStage_EmptyMass=[9473.842, 9389.502, 9306.188, 9223.957, 9142.798, 9062.658, 8983.232, 8904.625, 8827.022]
Falcon9_MEO_ASDS_FirstStage_EmptyMass=[7986.680, 7869.428, 7756.537, 7647.094, 7540.683, 7436.870, 7335.234, 7235.130, 7133.140]
Falcon9_MEO_RTLS_FirstStage_EmptyMass=[6284.857, 6110.839, 5946.760, 5717.903, 5545.728, 5379.943, 5219.738, 5066.255, 4933.219]
%======================================== Orbit Name: TLI ========================================
Falcon9_TLI_EXP_FirstStage_EmptyMass=[7050.154, 6980.297, 6911.388, 6843.407, 6776.344, 6710.218, 6644.914, 6580.432, 6516.767]
Falcon9_TLI_ASDS_FirstStage_EmptyMass=[5811.222, 5715.886, 5623.726, 5534.585, 5447.867, 5363.204, 5280.439, 5199.209, 5118.614]
Falcon9_TLI_RTLS_FirstStage_EmptyMass=[4377.214, 4226.277, 4074.455, 3908.152, 3798.262, 3669.811, 3541.488, 3417.528, 3292.155]
%======================================== Orbit Name: LEO ========================================
Falcon9_LEO_EXP_SecondStage_EmptyMass=[27258.750, 26258.750, 25258.750, 24258.750, 23258.750, 22258.750, 21258.750]
Falcon9_LEO_ASDS_SecondStage_EmptyMass=[24136.097, 23136.592, 22136.592, 21136.592, 20136.592, 19136.592, 18136.592]
Falcon9_LEO_RTLS_SecondStage_EmptyMass=[20208.159, 19208.841, 18190.069, 17193.287, 16168.577, 15168.577, 14208.841]
%======================================== Orbit Name: MEO ========================================
Falcon9_MEO_EXP_SecondStage_EmptyMass=[12142.798, 11142.798, 10142.798, 9142.798, 8142.798, 7142.798, 6142.798]
Falcon9_MEO_ASDS_SecondStage_EmptyMass=[10540.683, 9540.683, 8540.683, 7540.683, 6540.683, 5540.683, 4540.683]
Falcon9_MEO_RTLS_SecondStage_EmptyMass=[8545.728, 7545.728, 6545.728, 5545.728, 4545.728, 3534.790, 2552.884]
%======================================== Orbit Name: TLI ========================================
Falcon9_TLI_EXP_SecondStage_EmptyMass=[9776.344, 8776.344, 7776.344, 6776.344, 5776.344, 4776.344, 3776.344]
Falcon9_TLI_ASDS_SecondStage_EmptyMass=[8447.867, 7447.867, 6447.867, 5447.867, 4447.867, 3447.867, 2447.867]
Falcon9_TLI_RTLS_SecondStage_EmptyMass=[6783.395, 5798.262, 4792.187, 3798.262, 2792.187, 1792.187, 792.187]
%======================================== Orbit Name: LEO ========================================
Starship_LEO_EXP_FirstStage_EmptyMass=[261111.813, 260971.324, 260830.943, 260690.671, 260550.507, 260410.452, 260270.504, 260130.665, 259990.931]
Starship_LEO_ASDS_FirstStage_EmptyMass=[228434.149, 228108.972, 227402.126, 227455.206, 225645.063, 230312.736, 225051.350, 226129.276, 225804.372]
Starship_LEO_RTLS_FirstStage_EmptyMass=[202588.015, 202242.609, 201897.217, 201553.614, 201212.211, 200421.771, 200312.472, 199986.062, 199661.432]
%======================================== Orbit Name: MEO ========================================
Starship_MEO_EXP_FirstStage_EmptyMass=[85953.386, 85878.155, 85802.873, 85727.539, 85652.152, 85576.715, 85501.307, 85425.969, 85350.702]
Starship_MEO_ASDS_FirstStage_EmptyMass=[67813.465, 67646.379, 67479.682, 68634.049, 65918.339, 68305.163, 66822.883, 66979.675, 66488.299]
Starship_MEO_RTLS_FirstStage_EmptyMass=[52575.656, 51945.465, 52521.519, 51601.139, 51430.578, 51261.061, 51765.769, 51419.637, 50758.635]
%======================================== Orbit Name: TLI ========================================
Starship_TLI_EXP_FirstStage_EmptyMass=[57645.718, 57584.868, 57524.074, 57463.337, 57402.658, 57342.035, 57281.469, 57220.960, 57160.507]
Starship_TLI_ASDS_FirstStage_EmptyMass=[42833.019, 43773.654, 43645.280, 42437.351, 43389.644, 41116.212, 43122.013, 42987.114, 41760.464]
Starship_TLI_RTLS_FirstStage_EmptyMass=[30133.102, 29998.194, 29443.383, 29516.208, 29166.546, 29127.835, 20390.749, 28795.250, 28621.804]
%======================================== Orbit Name: LEO ========================================
Starship_LEO_EXP_SecondStage_EmptyMass=[264550.507, 263550.507, 262550.507, 261550.507, 260550.507, 259550.507, 258550.507, 257550.507, 256550.507]
Starship_LEO_ASDS_SecondStage_EmptyMass=[231119.710, 230119.710, 229119.710, 228119.710, 225645.063, 226119.710, 225119.710, 227645.173, 223119.710]
Starship_LEO_RTLS_SecondStage_EmptyMass=[205212.211, 204212.211, 203212.211, 193173.223, 201212.211, 200212.211, 199212.211, 198212.211, 197212.211]
%======================================== Orbit Name: MEO ========================================
Starship_MEO_EXP_SecondStage_EmptyMass=[89652.152, 88652.152, 87652.152, 86652.152, 85652.152, 84652.152, 83652.152, 82652.152, 81652.152]
Starship_MEO_ASDS_SecondStage_EmptyMass=[71149.379, 71469.114, 70469.114, 68149.379, 65918.339, 66149.379, 65149.379, 64149.379, 63149.379]
Starship_MEO_RTLS_SecondStage_EmptyMass=[55430.578, 54430.578, 53538.704, 52430.578, 51430.578, 50430.578, 49430.578, 48910.908, 47538.704]
%======================================== Orbit Name: TLI ========================================
Starship_TLI_EXP_SecondStage_EmptyMass=[61402.658, 60402.658, 59402.658, 58402.658, 57402.658, 56402.658, 55402.658, 54402.658, 53402.658]
Starship_TLI_ASDS_SecondStage_EmptyMass=[46300.371, 45300.371, 44300.371, 44389.644, 43389.644, 42389.644, 41389.644, 40389.644, 29131.131]
Starship_TLI_RTLS_SecondStage_EmptyMass=[33166.546, 32166.546, 31266.400, 30166.546, 29166.546, 28166.546, 27386.403, 18475.801, 25166.546]
